AA	max		Average		E/D	weightage
C	0.2307692308	0.0113381005	-1	1.0
R	0.4615384615	0.0605953935	1	0.9
S	0.5384615385	0.0639558919	-1	0.8
D	0.4615384615	0.0514471428	1	0.7
K	0.6153846154	0.0682701006	1	0.6
L	0.5384615385	0.0874138898	-1	0.5
H	0.3076923077	0.0195285479	-1	0.4
Y	0.3076923077	0.0253776979	1	0.3
P	0.6153846154	0.0451804886	-1	0.3
G	0.6153846154	0.053579688	1	0.1
T	0.3846153846	0.0456143654	-1	0.1
W	0.3076923077	0.0089394987	-1	0.1
M	0.3076923077	0.0187017261	-1	0.1
V	0.4615384615	0.0557163265	-1	0.1
Q	0.4615384615	0.04479573	-1	0.1
N	0.3846153846	0.0365029532	1	0.1
F	0.3846153846	0.0320495766	1	0.1
E	0.6923076923	0.0755313967	1	0.1
A	0.6153846154	0.062269503	1	0.1
I	0.3846153846	0.0435227519	1	0.1
