AA	Maxfreqcount	Avgfre		E/D	weightage
C	0.3076923077	0.0067332763	-1	1.5
D	0.3846153846	0.0530516682	1	1.4
H	0.3076923077	0.0156850546	-1	1.3
K	0.4615384615	0.0459459128	1	1.2
R	0.3846153846	0.048148042	-1	1.1
Y	0.3076923077	0.0283493445	1	1
F	0.3846153846	0.0359872129	1	0.9
G	0.4615384615	0.054828107	1	0.8
L	0.4615384615	0.1014575804	1	0.7
Q	0.5384615385	0.0501373261	1	0.6
N	0.3846153846	0.0388892755	1	0.5
P	0.5384615385	0.0448735004	-1	0.4
S	0.6923076923	0.0665182208	-1	0.3
M	0.3076923077	0.018537999	-1	0.2
A	0.5384615385	0.0666287366	1	0.2
E	0.6153846154	0.0810039745	1	0.1	
I	0.3846153846	0.0467277096	1	0.1
V	0.3846153846	0.0587207184	-1	0.1
T	0.4615384615	0.0475995563	-1	0.1
W	0.2307692308	0.010007818	-1	0.1
